%channel_123 = [656,704,343,689,26,434];
%eng = [1.173,1.332,0.511,1.275,0.032,0.662];
channel_123 = [656,704,343,689];
eng = [1.173,1.332,0.511,1.275];